20 45
000000000000000000000000000000000000000000000
000999000009900000999000009900000999000009900
000090000009900000090000009900000090000009900
000090000009900000090000009900000090000009900
000090000099990000090000099990000090000099990
090999000000000090999000000000090999000000000
090000900000000090000900000000090000900000000
099999099900000099999099900000099999099900000
009999999990000009999999990000009999999990000
000000000000000000000000000000000000000000000
000000000000000000000000000000000000000000000
000999999999000000999999999000000999999999000
090999999999090090999999999090090999999999090
099900090009990099900090009990099900090009990
099900999009990099900999009990099900999009990
009000999000900009000999000900009000999000900
000000090000000000000090000000000000090000000
000900090009000000900090009000000900090009000
000999999999000000999999999000000999999999000
000000000000000000000000000000000000000000000
