60 78
000000000000000000000000000000000000000000000000000000000000000000000000000000
099999999999999999999999999999999999999999999999999999999999999999999999999990
099999999999999999999999999999999999999999999999999999999999999999999999999990
099999999999999999999999999999999999999999999999999999999999999999999999999990
000000000000000000000000000000000000000000000000000000000000000000000000000000
000000000000000000000000000000000000000000000000000000000000000000000000000000
000000000000000000000099999999990000000000900000000000000000900000000000000090
000000000000000000000099999999990000000000990000000000000000990000000000000990
000000000000000000000099999999990000000000999000000000000000999000000000009990
000000000000000000000099999999990000000000999900000000000000999900000000099990
000000000000000000000099999999990000000000999990000000000000999990000000999990
000000000000000000000099999999990000000000999999000000099999999999000009999990
000000000000000000000099999999990000000000999999900000009999900000000099999990
000000000000000000000099999999990000000000999999990000000999900000000999999990
000000000000000000000099999999990000000000999999999000000099900000009999999990
000000000000000000000099999999990000000000999999999900000009900000099999999990
000000000000000000000099999999990000000000999999999990000000900000999999999990
000000000000000000000000000000000000000000000000000000000000000000000000000000
000000000000000000000000000000000000000000000000000000000000000000000000000000
000000000000000000000000000000000000000000000000000000000000000000000000000000
000000000000000000000000000000000000000000000000000000000000000000000000000000
000000009999999999000000000099999999999999999999000000000099999999990000000000
000000000999999990000000000000999999999999999900000000000009999999900000000000
000000000099999900000000000000009999999999990000000000000000999999000000000000
000000000009999000000000000000000099999999000000000000000000099990000000000000
000000000000990000000000000000000000999900000000000000000000009900000000000000
000000000000990000000000000000000000099000000000000000000000009900000000000000
000000000000990000000000000000000000099000000000000000000000009900000000000000
000000000000990000000000000000000000099000000000000000000000009900000000000000
000000000000990000000000000000000000099000000000000000000000009900000000000000
000000000000990000000000000000000000099000000000000000000000009900000000000000
000000000000990000000000000000000000099000000000000000000000009900000000000000
000000000000990000000000000000000000099000000000000000000000009900000000000000
000000000000990000000000000000000000099000000000000000000000009900000000000000
000000000000990000000000000000000000999900000000000000000000009900000000000000
000000000009999000000000000000000099999999000000000000000000099990000000000000
000000000099999900000000000000009999999999990000000000000000999999000000000000
000000000999999990000000000000999999999999999900000000000009999999900000000000
000000009999999999000000000099999999999999999999000000000099999999990000000000
000000000000000000000000000000000000000000000000000000000000000000000000000000
000000000000000000000000000000000000000000000000000000000000000000000000000000
000000000000000000000000000000000000000000000000000000000000000000000000000000
000000000000000000000099999999990000000000900000000000000000900000000000000090
000000000000000000000099999999990000000000990000000000000000990000000000000990
000000000000000000000099999999990000000000999000000000000000999000000000009990
000000000000000000000099999999990000000000999900000000000000999900000000099990
000000000000000000000099999999990000000000999990000000000000999990000000999990
000000000000000000000099999999990000000000999999000000099999999999000009999990
000000000000000000000099999999990000000000999999900000009999900000000099999990
000000000000000000000099999999990000000000999999990000000999900000000999999990
000000000000000000000099999999990000000000999999999000000099900000009999999990
000000000000000000000099999999990000000000999999999900000009900000099999999990
000000000000000000000099999999990000000000999999999990000000900000999999999990
000000000000000000000000000000000000000000000000000000000000000000000000000000
000000000000000000000000000000000000000000000000000000000000000000000000000000
000000000000000000000000000000000000000000000000000000000000000000000000000000
099999999999999999999999999999999999999999999999999999999999999999999999999990
099999999999999999999999999999999999999999999999999999999999999999999999999990
099999999999999999999999999999999999999999999999999999999999999999999999999990
000000000000000000000000000000000000000000000000000000000000000000000000000000
