500 75
000000000000000000000000000000000000000000000000000000000000000000000000000
000990999990000000909099099099009090900090090090009099000000990999999999090
009990090099999909909009990000099909090099900009990900090999099900000000000
009099999099090909090009909999090990900999900909000900909009009909990090000
000090999999900900999990909009909990999900099909900009900999000900009090990
000990900909900900909900009000090000990990990909000009990090999099900090990
009009990090999900909009999990090090090990990090000909000900009999990909990
000099009990900999909900999099099909090099099000900090999090000999999000000
099990909090990009900909090009990909090999009990900000990909000000099009990
099009000000909099000000999009900090990909909000099009990909009990990009900
090090090999009090000990090000090900000990909909099900900090900999000999900
000099099090009990900090909990099909000009000900900000099990999990099909000
090900990009909900000990990099999900909900099099999990009000099999009999090
009099900099999900909009009909990009090000099009099090990000000990900009090
099909999000009909099009090099990090000090909900999009090099999009990909000
090900900999900099990999099909909090999090090990999909999000990999990999900
009090909099009099909009099999909000000999090909009090090909099900000900990
099009099999909900000000099009909090000999099999099900999909990900000990900
099099909090099909099909099900090909099990999099000909909090900900909090000
009909099000000999909009990900000009999909909090999999090009009999009090000
009909999909909009999099990909900000099900900999009909900009909099900090090
090900000909999909000999909009099900099009990909990909999099099090090009990
090909000099009009900990009909990009900990000099900990099000009999000900900
000990990999000000900999009990999009000900990900009909909909009090999900000
009000099000090090099009009909009099990990990909090099999099009099000099000
009909090909000090999099099000009000009000990009099900999009090990000009000
099099000909990909099909999990999009099009090909009909090999990999000009000
000009000090099990099090090990909990009000909900909000990000009009009999090
090099000900000000900990000909999009990990099090099900099090000999099900900
099909009900009090900009090099900990990009990009000000090009900000999900900
000900909009000999909909900909099990000009009000909099909009009009009090900
000090999000090909009909099090999900909909990000090990009909090990999090090
009000099090009909999090909999099000099999900990099000090009900999900909900
009009000990900990000909090000900090009900000009099909099099990090090999990
000099900090900909000090990909000000909000090900909909099090909900909099090
000099909009999900900000999009909909909909000909009009009900999909009090900
090909009000090090090990990990009099099090900090909990990009900909000009000
090000900990009099990099909090099009000099990009999990909909009999909990990
099900990990999099900900990999090900009090900099900900090909090999009009900
000009009909090909009900909000909990990900009009009999909009099990009990090
000900999099099990909990900000099900999909099900909090000990090009009090000
000090009900099000099000900000999099099900999900000099909909099999090090000
099009009999990009009090000900900090990990000990909909099990909990090000090
000909099909000990009999999090000900009900009090099009999990099990090999990
000099009999900009090090990009000909099009009900009999000000099090099900900
099999090900009000090099090999900900990099900099090909900990000909990090000
099090999090909099000999900900900090009000999009000000000999999900909909900
090099000090900090090099999099999009990090090090009009999090099090900009990
000009990909099009009090909009909090099909909000990909900990009009009990000
099990009909909999099009909000000999900990999999099090009099900000099900900
000990090009900090090990909990009900090990000099009999090900009990999000000
099009999009999990090999009900900090099009909099990909000090990090900900900
009900999090999090009009900999090099999099990909990909099909090900999909000
099990909999099009990999909909000999090090000009090090990099909909000000990
099000000099990090090090909009900099009999099990000909999990999990090000000
090909900990990900909090909099000999999990990909909999999099990099900990090
090900090990000000099000900099000990999000999990909909999909999900000099000
090900090990000999990000009900090090099099990090990090000000009009999099990
090090909990990099900009090999090099990900909000990999990999990999009099000
099990090900999009099900009000099900090090090000000999090999909909999090090
009909099909909900009009999090090999099900999999999090000900000090900900990
000900000099999900999990000000099000090009900900900900009000009099009009000
090000909090990099900900099090900099999099900999099909990909999900009009990
099009099009909909990999099990900990000099000090990999990099999009999909990
009999090900099090900000090900990990909009999090990000999090999909990009000
000090009909999000099990999999009099990099090099009990900009099900009009090
090999990099990999009090009909909999990009900909000999099900999099009900990
099009990990090999009000990000909909000990909009090009099900000090009999990
090090009090090999909099990909000090990909099009990090900090900900090009000
000999090090099990999000999090909900000099990009909999009000999090900000000
000090099099990090000000000090900090090099909099099099999900099099999909900
099999999909090909909990099900909990000990999009999000009999009900090099990
099900000009009999099999990000000009099990009090999090000090090009999090000
090909990099900909900009000990900099900099999099909090090000909999000909090
099990090009099099000099999099099900900090900999090090999090009999099909090
000999000909990999909000900090009099900900999990000090999000099909000000900
000009909990090009009090909099990000090999990999999000009099099999909000000
099009099909000990999990900009909090000000909099990909909909009900000099090
099090009909099900900000009099090999000909099990900090009009009099000000000
009099990090090909999990000900009000999000090990009900900099900009000999000
099909900090909000009909900009900099999099090000909990000999009990099990990
000900990990999900900990909009090999999099099900090099000990900999009009990
009090900000900099999000009000099909099909909990099909090009990900009000090
090990900990999009009909990000000099000000090099990009099909909999999009900
090099090099900990090000009009009909099009009909099990009909009900990090900
009999909009090909000099000000909900099990009999099900909999099099999099900
009090900009090990009090909009909000099009909099990000990900990990999990000
000009990099990900090090090099999909090099000900099909990900999999000009000
090990999009999090009990090909099000090090999090990090090900900000090090900
000900090099009000090009990990099909009909099099990990990000999999900990000
090990999099909090090909990900990990900099999000909099009900000990099099090
009999909999099099999999999000009000990990990099900099000900990090909909000
090009099000090909990990099009000000900909990990000900090900909999909009900
090099999009090909000999000900900900009000090009900900000099090900900090090
000909909099090009900009909009999009009090009009099990009909909009090990900
000909009009000099000099999990990090090009909000000999999090900900009009000
009900099009990090909099999009099099999009000099099900099099090009099090000
009099909909009000909000090009900909900999009909009090900009009099009999900
090900009999009000090000009909990099099000000909009000900000009009099099000
099000000999090900009009990909909009900900999099099000099099909090000900090
099990000099999900909900999900900009000090090990909999999000999099099990090
090900009909000099909999999900909099990900909909999009909099009999000900990
009090990099900009900009000009090909900909990009099900909900009999999000090
090990000900909090090990000009090999900909099099000909909099000900090900000
000099009000909909099090099009999909909090999090990909099990909909909900090
099009000090009000000009990009999909909090900999090000990009099099900090900
000009090090090900099909999099909009090000990009909909990900000900900999000
009090999090990909990990099999900900000009090999090000999099990999999000990
000090099990000909009999990090090900999099909909009009990009099000900999900
000999999900909909090009909900000999009090990009099009909099999009999990990
090000909090099990990099990099099090900900090000000999099909099000909000090
000000909909000009999009909099009009909909900099009900990090900900990090090
090900999000900909099990009909099099009909999000000900999000909099000090000
099990009090909900999999900099909900999999999090990099009090090909099090000
090009900999099009000000990900099090900000009009000099000990999909009099900
099909990009009990090990009009099990909009909900999990000999090090900009000
000909000009099900999009090090900000900990009909999999090099909090990000090
000999000999099999999900900999999990000009990999990000090909009999900099990
000000090000900909909999999000999099000000990909900099000099990099090009090
099099000999009000099909999000009099099909090990090099090900900990900000990
009909909009099909909009900999990909999009990999090999999999900990900000090
099999009909099090000090090009009090999000000990990090990900090090009000000
099090909999999990000009909099909009909090099900999999000999000999009090090
099090000009999000009900909090000009909990090000990000090090999990999000090
009099000900909009900990009999090099090999990909900099090990900099999099990
090000099999000099000000090990090900099099000009099900900999000990909099990
000099999909909009099099090099999900090990909999909090900990090000099009900
099099099990090909009099999000099900090009900909009099990990999900900900900
099090909009990900099909990000009009999000909000999009909090099000009000990
099090909900999900900099009909090900099000000000900009099090000900090009900
000009909900000090900090099990900009000999999900900990990990099900999999090
090000999990090900990990000090000909000099909909099009900999009999900090000
090900999990999009090900909999090000990099990999099999000909000009000909000
099900999000009009999900009990990090900909009099009090000099009900990000900
000990009990909900099900099099999990909099999090990909090900999909099909990
000909900099000990990090999090999009099000099000900000009090099990909999900
000000990909909900000999009900009090909000000099990090009000099909999900900
009000999900900909090099009999009900999900000900999009000909999000990999990
009009909909999090990900900090009099090000000009990090909900900099909009900
099000099099909900090999009099009090900999009009099990909099990900999090900
009000999999900999909099009000909999090900900900909999999990900900000000990
099009009909099900090000909009009990999990900090009090909009099999090999990
000999009990000999099990099000099990000909009900009090009009000000000990990
099090999000009990990090000009009909000999090090090900909900000999000009090
099099090900099090090999900909990900990090009090009990099909990909000990000
090999900000990909009000000099999900009990009909000000099999090900090009900
099990009999909900000000099900090090999909099909990099009099900009999909090
090090099900999990990999999909909009990909990909990000909999990090099909090
009090009090099909990999909909999090099099909099900009099909000990099009000
090909009990999000990900909009909009099099000999099909000099099990090900900
090090900999000999999990909900900090900000090009990090900099099909009009000
009990909000900090099999090009900999090990990099990909909099900090009999000
000999000090990090900909900009009900900090090090099999000090999099099999000
009099900999900099000990009900000909999009000999900999999909000999999000900
000000990990900900009990909000009009099999009090909900009009099000999090000
090099900009900900099900099090000099090099990000090990900099000999099000090
099990000909900099999909990909990090090999900099099000000990909909099999090
090990999999099900990909009099900909099900099000900090900000099900099090000
000090900990000099990099099000900909909009090999099990909990000999009000900
099009090900999099099999000900999009909009999990990099090000900990990999990
009909900099000909900900999909090099900099090909900909099909909999000909090
000000909999009000099990009999999090999909090990900999090909900900009990990
009090099999000990090909999009090999909009900009000099090000999099900009900
099909909900009999099900000009900900999900009009909999990090009099009909990
009000990909999009000000900999090099909990099990009099099909099090900000990
090099909009999900009900909900000009000909099099000909909900909900999999990
009999900909990900909900990900000000999009999090090990990009009099009009000
090009000009090009000099999999900099909000090909999009000000099090900999900
090090909999999090900990090900990099909990099999090900090009999990000990990
090990900990900099999909009099990009090099090999990090009009090090999999990
000000900999909000990999099900900999990990000000909900099099990990090090900
099009900000999999900090999999990990090990090090000099099099909900990999990
000000009900009999000909099090009099909099099099090999090000909099009090090
090009900099900909090990090990000999909009900909999900900009009099990990090
000090000900909099009099000000009000900090990099099099090000909990909990900
009009099990999099990900900000909990099090900009990000099909909999000990000
090099999009900990009090099000009099099009990909090999090900009099990900900
000900900000090099000990990090000999999090990900090090909009090909009900990
009009009909990000000099909900000009009099909999009000000000900099000900000
099009909000000009990900999999090909000909990009999090900090009099090990990
009000900999990090999099900909909009990099900999090009900999999090999900000
009990900900090009090909099000090999990900900999009009009009999999000090090
090900009000990990090900090000000000990090000990999090000009090990909909090
009909900999009099900090090099000999099909009099099990999090000099999009900
009909090900090990090090009900000990990090990099009009009990900990009099000
099099999009009090990009099909090000999909990900090999900009999999999999990
000099990099009909900900900009909900999000900909000000000090999099090090000
009999909090009990000909000009900999000900999009000009009000999990099090000
099909099090009090999000900999900999999999099990099909999000999090000090900
009090990999099000000099900990990909900099009900999099909000990900990990900
009990909909900900990900090990999000990099900009909000099009099000090900000
009999000000900090900990009909900999990900000009000909909099090900900009000
090900990090990900000900000990090099999090900009000099009990099990909099000
009090990909900999990999000000090990000999090909900909009099009090000000000
000999900900909009900090900009990099090090009900009990099999099090999900990
009990990900900909000099090909909909090009090000909090090000000099099900090
000009099009000900999099000090999990009900000999909909000990999000099099990
099000090000000909990090999900990000900999999090000000099990909000990990090
009909000909999990909990900099090090099009909090000099999990099909099999900
009000000990990990099900009000009000999009090990090009999999090909000990090
099099099999000000909000909990999099900909900000909009990009090990990990090
099909900900009009090999090900000909990990099909909909990009099090900909090
000900990000000099000999999909090990999900099099909009090999000009090909990
000990909090000990900090000099990000999099990909000909009000900090090909990
099090900099900000990900909909990990090909990999009990999909090900900099090
009900099999990990009009990900090090900999999909009009909909099999990990090
099000990000900909999000009909099999900909909099090090900900090000990900000
000099099009099090099990009090099909900009900099900099099900000900900900000
009009990999000900000090909090999000900999990900900999090999990900000090990
009009000999090009900000909999000990909090900000000999990000009999009909990
090099090999099099099909009990999009090090900099099990909900999099909990990
009999090090099999990009090009000009000009099009009090009090009099099000900
090000900990909000009090000099090909099999990909099000999999009999009009900
009990990909909000090990909909909000900990090900990090090900009990990000090
009990990900090909990099999990009090990000099009900909909099900990909990900
009999999990009999900090090000099000090900099900990000009900009990909999000
090900099009999900999099099990099099990000090909999990009009900999990990990
000990009999990090909009090099000990099999999009000009009909000900090099990
009900000009900999009000990900090909009999099990090990999090990999909090990
009990990009099990999090909909000990990900900999999900099990090099099099000
090090090909009009909900900909900090999990909009999999009009999900090000990
099000000990900900999000009099090099990909909900909999909999099900009090990
009900000990000900099999099009909000909000000900009900009009990099099000900
000009999909009900099099099999090990000000900999900000900999009090009000000
099009090990099999990099909090990999990000000090990900900999990000900000990
090900999900909000990990999009090909090909009099900999099009099099000090090
090000990099999099009990900000999900099000009009009909009900090999900009900
099099000000990009000990900090909000990990099900999900990999099000000090990
000999990999900909090099009909009009099009909000009090999909909099099090000
000900999000009909099090900900990099900999990009900000999909909990990999090
009099990909909900000909990009000009009909009090999999009090999009000000990
090000999099099909999000909090999009090009999000009909990900999999909909900
099000000990009090900900009009090909999099999000099090000999000009909900990
009009990990999000099090909990000909909090900099090090000009000099900999000
009009099009990999900000009909900000090000900090090990990099090000990900990
099090000000999909909009000009099099009900999009000090000000009909999090900
099099000900099090099990099090090900090009009990000909999000000090999990090
000999999009909990900009999909909990090090990990900000009000999900999090900
090099999009909909090990900909999000009090000999000099000099009009090999990
009909009090000099090990099909009909990009990090000999099909990090990990990
099990090099909009099000909090900090999909000999900909900000909999090900900
000090000999090909009900999000990900990909090009009090999000990009009990990
000090999999999999009999000900000999990990990090900099090099000099009990900
090909099900099909009000099999009990999900099099000990990999999999999900990
000009009090099909900000090090090990900990009999009099909090090009099990090
090009999990990090090999999909900009909099999909090099090090999909909900990
000990909099900990090090099999999909000990000999009090990900009099099009000
009999990090900090009909009009000090900909090090900099999000000900999099900
099999900090900009090000009090090999090000090099900999000090000099909090990
090090000009099909099909909099990909909099909099000090099900909090909000900
009900009000009009999090999900900999909900000000009990009000990000000990000
000090009900909090990000009090009090999090099909009900009999000099000009090
099099000909099009090099990090009009900000090009990000990909009090009900990
009099900990990090909000909900990909099099909000000990099900090009000999990
009909990999009909000009909099090000009990909909009090099000009099000909090
009990099099009009090099009990900099090900999009099000909900000999909099090
009900009990990909099990900000099990090009990900099009990009900009009000900
099909909990900000099000099090099000999090000999099099909990909999009990900
099909909099999090900900009900999900900999099999909009999090009900000000090
090090990990000999900000999990000990090009909999000009000990990009900009990
090909990099900099999099990099000000090090090009900000099990900000990099990
099909999909090000099000009090000999909099009000090090000000000909090090090
009009909090990099090090909900900090009009990099009900099000000900000999990
099999099009900900000009000990099090909990999999999909900000900909000999000
099009990000900009999090000090999900999090990909999990999099000000090090000
090090999909900009000000009999909090009009990900999990900090090909999009900
009099990990990099009990909000099000009909909000000999990900099909999990090
009900999900090909000909900900909090090909999009009000090900909999909009900
099000909009009000009009999990999909999090900909000909999009000900090099000
009909009909909099990999900900990009009900909000909990090990099099900990090
009090999999000090090990900999900099999999099999900900909999990999990990090
090090009090900099999900999909090990099090009099009090990909090909990990000
099900090999090090090090000909900909009990000090000999999990099099900000990
090990999990099009900900090909099909009009999909999000990009909090000099000
090999099900090090900909099099000990990909909999999009999990999999090000990
009099000909009099909999990990909900990990090909999999909009000090009900900
099000909099990090090900909099000900099099909990090099000090990909009900900
000000000090099990009900990990099000900099009090999099090009999909990090900
090990099990009909909000090909000099000900000909990000990099099990000990900
000909909000000909099909900099999999909009900999909000090000090009999900000
009999900000900000999090990090099009099909900000000099099990090900900099090
090900909090000900090900990099009009999909009099099000999090909990009990090
099900009090009999099099909900909099990990999090909900009000900009900090090
009090900900990009990909909909009900009909900000999909900000909090099990090
090909090900990990909099909090099999009000090900999099909090000000909000090
099900099099099000900090990999990099900090990990000909000099009000999900090
009099090999000009090090900009990000090999099009000909090099099990000009900
000909990900090090090000999909990000999900990009999999099009900009099000090
090000000900909909999909909090900090900909090099990009090000099009909999000
090090900909999909990900090000009990009000900990999990090909009000900990990
099990990009009909909009000000009000909009909000990999990990009999000000900
000090009009000909900999000990099900990099009090099090009990900009990099090
009009999009999090090909090090009000990999000909009999909009000009090000090
000990090009999099999900000000900099009990000099000900990000090909909099090
099909900900990099009000000990990909990099009999990000990900909900990009000
009990099090009900999999090009099909909909090090990099009000909909009990000
009009909900090000090999099900909000099900009099090990909000900000090990990
009900090999900000900009090099909999999900090099000090099090009990990900090
009000000099909909000090099999099090990009009009000009909999909990090900990
099009000099990990909999000900000009099090990990990000909990009000099999900
009090090900009009000909900900009000909990999009090999009999990909090000900
099900990990009009000909009990009909900999999999009909009990909090009000990
090909909909000999990999000909090999990090000090090000000999990009009909090
000909099099000990000999900999999099900990909999990009009009900900000999900
090990990099000900000909090999990090009999990009090099009909000000099999990
009090099099009009009909000009999999000909000990900900090999009990990000090
099000099900090900900990990009909000999909009999999990909900090009990000000
099009900990000090900000999900000900900099000999909099090900900990099009900
099900900909999090990090909000900009900099909090990009090099000090000099090
009909090900900990009999099099999009090000099999999099999099990009900009090
090090009099000000999000900090900990099909909000999099999999099999000009000
009999090090999000990909990909009090990990999099099999099990990999099990090
090999099099000909090000090990999000990009009009090090990009909009090900090
090099900000909090990090000000900099900990990900909990990999099099990009990
099000099900009909009090900990000000909009909009909000909909099900099999900
099990999099009000909000000990000009900900000900000909000990999090900909000
009000900009090909090999900090990009999099090090990900900000000909099900900
090000000099900009999909000990099090990999999999099099099000990999000000900
099009990999900990009999990909099990000999009009009909009099909099000999990
000990090999009999099990000909999090099990990900009090090999900090099990990
009900999990909900000900090009909999090099900009909999900909099099909090000
000999000909900990000090000990900009090099999090000009009990990009990099090
090099990909909900090000099090900000000990900999090990099990999990990099090
090009009900909090900900900999009990909999099990900090999900000000990099900
009900099000009009090009990990090090900900999090099909000900099009000000990
000000999909090909990999000909900099000999990090090099090009990009000999000
000000999099900000090090900999009909990909990900900909909909990999909090090
099090909000999099909900099090900990009999990000000999009090099909090099990
099000000990990000999999909999000090909909099990900099990090909099009999990
000999990000009909999990009900900900999990909009009090990009999909900090900
099900909999900909990900990900099009000009099900900999990009009990999099090
090090009000990000990009900009000090009900909900990909009009099099909009990
099990999909000000999990090009000909999990999909000990009009999090099099900
099900009990099990090999000009090909090009000099999090990000909090099000000
009900999099909000909000009090909009009990999090090009909090900099999900090
000090900000900090099990099090990009900009909900999900090099099000099090990
090909900009009900090999000909000900090090099000000090090990000909909909000
000999909000990090999999009099909909090090000009900900090099000999990099990
009000000900090000099999999000990000009009009909000090900000090099999000990
009909009909909090990909900909009909990900990099000090099000099909900090990
000999900099099990900900090090990990900000009090999009090009999909090900990
099900090900009099099999900099090099999990099909090909990099090999090999900
099900009099009909990099000909099900990009099990900909909009999009990900090
000009090099009009090090000099909990000990099000909099999900909900009990990
009999099990990909090990900909009000009909000900009999009900900000909099000
000009900099090009000009909090900099099099999900009999009900999900009900090
099999000990009999909999099009099099090999999000990990009900909990090999990
099900990909000909999909900999900909009090900900009000909000000090090009000
009999090900999000009990009009099009000909099990009900999999090999000090900
090009999099909090999099090999099900099900000090009090909999009099900900990
090999099099900990000099090009990009900000090099990099000009900090000000090
099999090099999000900999909990090900909999009909099009090909909900000990090
000000990000909999000099000099990999999990009000099000900099090090900009000
099999099990099909900090900990990099009090000909000090090009099999999909990
099909000909090000090909099909900900900900099900999909090090999009000990090
090900009000900009000000990909000999000909900999990909909090009990009090090
099099009909909090090099900909000000009900999009099990999909990000999909900
009009099909009999009999099000009909900909099000990099009009009990009099900
090900900000090990090099009909000909999090990090090099090000909099990999900
000999900000000900900900000900090099000090999999009990090900009000909900000
009909000909090000099900000090990999099900099990990090990990090099999999090
009099090099009990900099090900999009990909909099909999009000990909900909900
090990000009999909999009000999909099009000909099999099999900999099900900090
000000090009999990909009099999099000900990990009909009090900099000900009090
090909999090000090099999009000009999990099099090009099900090099090909090090
099000999009099099909000009090909900999009990900909990900900999009999909990
000009090900009009999099909990999900900900900000909090990099090099990900900
009909009090909999990090009090990900000099900099009099009990009009999099090
009900099999000090099990099999990999000090990090099009900900099900090900090
099999909909099009090000009909909999099099900999999000009990000900909000000
000099990909090090999909999900900990900990999990090909090009099009999099090
090999990099009909099090090990000999000909900009099999099999990000000999990
009990909999000099900900900009990909900999099099009900900990000099990099900
009999009990000990099009909990999990999009009990900999900090999000909900090
090990900099990900999090090009000009999000909990900090900999999999999909090
000990090090099009000909090000009009900090900900009900009090099909009099900
009090000099990099090990009990990990900999999000999999009909009900009000990
000999900900099000900909900090000900090099009009000009009009909090090900990
090900900999999999990099909009000009099000999909090990999999090999090090900
009909990090990900000099090999009999090900900099909909909900009090999000990
009909009990000009090900999000990090909999909909009090009009009099990900900
090099000990000009000000909900009009000999090900999999099900099099099999900
000009000000000009990099000990099909909909090999909909900009990900099999000
090000900909909000099009099900999900900099900900099999909909909000990000990
000990099909999909009990900000999990000909900909099000099090000000900909900
000000099000099909099900009000000090900000090009909900090900009900000909000
099990099900909909000909990090000990090990900000909000009090909000909999000
009009999999900099990909090090099900090909009000090009909090990999900909090
000009909090900000090009090099909999099990009999099999099900900009009990090
009909909999090009900990099900900990009090990999999009900900999090909099090
099900990999900090990009009099999990090990099000999990099000990990999099900
099999900009990099009999000990009090990000990990099000090900990900099000900
090909909009999900099990009900990009990900909099909900090000099009999900090
000009000000000090990900999909990999099090009090990990099090990909909999900
090990909909090009999900009090990909099900009999999900090099099909990000090
000090990909990900990999990999099909990090900000090990000909900909909999000
090000990900999099900990099909909909990090099090990990090099099999009909900
000099000099099090900999090990000990990090090000090999099999009090990090990
009990009099009999999000900990099909999990099999000900090009090999099909990
090909000009009990909900990009099000909909900900900009909090900909009900000
000990909900099099900090099990009009909099090900099999990099000099909990000
099099000009900000909900000900999009000900909990000009000990009090090999000
099990099900000000090999990099909909090990009009090999009990090009990099900
099909909009909090999099009099009999999090909099990909090909009999999099990
009900099900990990099900999090099990099900990099990099909990009900000099000
099009009900099009999999090990009009900099909990999099009990999909000909090
000909909009999099999090990900090000090099090099900000000000099909099099900
009909990999909990900000909990009000999099099909090090099990009909099909000
099000099090909900090999909099900090000000000000999009000990990900999009990
090999009990009900099900009999009900090900909000000999999990099999900909990
000099999900000009909900999000099000999090990909009000099090000999099000090
099099009099009009999009990000000099090090009009909099990090900990099099990
099909990909990009099090099090090900009099900999999090009900909090909990900
000909909900090090990990900999009090009909099909909999000090000909990990000
000999009000900909909990000990000099999990009900999900090000099099099009900
099090099000900990099990009009900009099090900990000090000009009009090999900
090009090999900009909009009000900090099009909090009900099990099009009099990
000009009999099909909900999999090000909999900009000999999090009099099999000
099990999990990000909099090999099990909000009999000900990909009909900099090
009900099900900990099090990990000009990909900099999990090909990000999999900
090009000000090009090009099099099999009000099900099099999999990099990900090
000909090990009009090099090099090000909990909099999990090909990990909099990
009000090009999000009009009900099999090999000990909990999090090000990099000
099999900099900090900909999909099090990009009999099909900000909009900900090
090990099909990909009900909000900999009000909900909999990999999009909900000
099900909900090090900000090099900900990990909900990999099099909099999999000
009009009099999909909000000099099900099009090909990900909090000900990990090
000999099099090099000090009000999099000900000090000090009099090090900909900
009999990999990990000090099909900099090990909990009090099990000990990000000
090009009909900900900900909999000009999009009999999000990099900990009090900
000909999009090090999090009900090009009909099990009099090000090099999900000
099090000909999900900000990000909900099900009090009900909090099900990000990
000990900000099009090900990990090999099009900900990999999909099099999909000
090000999000000009099000909999990999999009909900900900990009099099000009900
000909090090909000090099090009900009990090900990900090000990909990000009090
099099000909999009999999099900990099099999000909090990909900999990999990990
099009999900090000990090999009000099009999909990090999909909900909000000000
099009009990900999909909909090999009000999990900090990090009990000900090090
099909000900999999909090009909000909999000090000000900009090900909099090000
090090009900090999000909900909999990090900090909999990900990900999909999000
099099009009090099990090099000999000990099009990090090000990990990099900090
000900990909900999999009099009900009909009090090000000099990999999099909090
009909990900990099999909009900099099990009009900000909009009090000000990900
009999990900999900090009000999909090000090999909000090000009999909000909000
000990900990090009999000999000999009990900990909099099090000999900909090900
090990990909000900090999900900999999000999090099900900900000009990009909000
090999099099900009999099999909900990090999900990090000990099099090009090090
099090000900900900000099090990099090999000990000909000099999099909009090900
000999900909909090900000099009000099990000900090000909999900999900999099090
009009909009999009999090999090909990900900909000909990000990999999909999990
099099900090990009909900900090009909999000909099999990999909090099090099990
009990009900009000900909099099099090999090900909090000000090000000990000000
090099009099009090990909000900009900009000009990090090000999900999900999000
090990909000909990090999009099909099900999999009090900090999900009990909090
009009000999009999999900009990999909999099090900000900909009009909099990000
009099090909009990999900009090990900900990099909990990900000000900999990990
009009090099009999009090990909900999090990990999999990000999909000009909990
090099900099900009909090099900900090909999000009099900000009999009099000900
000900909900090900990900909090990999009000900009009999099990000000090009000
009099900009000909000090990990900000099090900999990090990099990900999099990
009009090999000909099099099090000099909900990990999000990090990000090000900
009009999900009990900099990909900909090900990099090090090990990909009900090
000000000009090009090009009000990909909099009990900909009900909009009000090
009090099099900909909900000909990099999000009090090990909009099009999900900
000009990990999090000900009900009009000009909909009099009999909909090009000
009090009090090090909009000900009900090099099909099909900900009990990999990
099900990090999900999090990990000909900000009090900909009909090900099009990
090990990009090999009099000900909090900909999009999000009900099009000009090
099009090990099900099990900090009090909999900090009909090090999000099000090
099909909099090099900099009909090099900900000990009990900009999990900000990
009099999900909990009099999090000909999999900000990009990990909000000909990
009099099999999090900999900990009009900990009000909000099000099090000990990
009900990990909009090999999000990090909900999009090009090999990999909009090
009099099009000099099099000999909990099999990000909990990000090999990000990
090000900000099090090000900000909090090999099990909099999090099900000990900
099009900909909900990000999000909099009009900900000900909000900000990900090
009999999099090099999900000909999099999900090099990099999099990900009909990
000090090099009009000909999900900000909099009900009999000009999099999900000
090000090990099009999909990099909099099000900900000009099999900099990999090
099900009999090090909999009900900900009900099090990990099999000090090909090
099009999900090099900990000000999990990900009900000000099909900009090009090
000000900000090090009900999990909099999000090099909900909000000990000900900
000999909009990090009099900090000090900900090090999000090990099090090909900
000909090999990999009909909090990990000990099009999090909990900099000900990
000090999999990090900999090900999090090099990900009099909099900900090009090
009009999000000909999090900009090999909999999999909000909090009099999900000
090999999000090000090999999900099999099090099009990900090990099009000999900
000009900990999099900000909909990909990099990009009099909099999990009009000
090090009090090909009099090090999099990909090900000900909900009099099099990
090000000909990099999000009000009990090909900990909900909090000909009990900
099999909090000990099990909009900099909000909000900990909999900099090990000
099990900009990090990990000909900009909009990990009090000099999000909999090
009999900000090909000990990900900090099999000909099999009000990000099099990
099000999009099999009090900099009000999909990909090909090099900090999009900
000099990099099990009000909999990099999090000909000990999900909999909090900
009000099900009999090009990000999090000099000090000900990909990999909909090
090000990909000090999099999999000090990090900009999009900909009900000090900
009090909990900900900099999000990099909009000990090999900999999990099909900
000099909909099990900090000000099000900900090009909990000990900900999000000
000000000000000000000000000000000000000000000000000000000000000000000000000
